;2024-08-03 11:04:33.328484
name Player_Hands_Skeleton
bones 48
//default bind-pose LSK matrices of all bones
m L_IK -0.2975 -0.9312 0.2107 0.0 0.9312 -0.3317 -0.1512 0.0 0.2107 0.1512 0.9658 0.0 0.2992 0.1724 -0.0789 1.0
m R_IK 0.3759 -0.856 -0.355 0.0 0.9093 0.4145 -0.0366 0.0 0.1784 -0.309 0.9342 0.0 0.2992 -0.1724 -0.0789 1.0
m Bone.002 0.3066 -0.9169 0.2557 0.0 0.9169 0.2122 -0.3381 0.0 0.2557 0.3381 0.9057 0.0 0.0 0.158 0.0 1.0
m Bone.003 -0.0261 -0.9978 0.0616 0.0 0.9978 -0.0298 -0.0599 0.0 0.0616 0.0599 0.9963 0.0 0.1536 0.1935 -0.0566 1.0
m Bone.004 -0.1196 -0.9903 0.0705 0.0 0.9903 -0.124 -0.0624 0.0 0.0705 0.0624 0.9956 0.0 0.2223 0.1915 -0.0608 1.0
m Bone.005 -0.2975 -0.9312 0.2107 0.0 0.9312 -0.3317 -0.1512 0.0 0.2107 0.1512 0.9658 0.0 0.3742 0.1724 -0.0703 1.0
m Bone.006 -0.2355 -0.9622 0.1368 0.0 0.9622 -0.2507 -0.1066 0.0 0.1368 0.1066 0.9849 0.0 0.4604 0.1455 -0.0741 1.0
m Bone.007 -0.3411 -0.7595 0.5539 0.0 0.7595 -0.5699 -0.3137 0.0 0.5539 0.3137 0.7713 0.0 0.483 0.1397 -0.0766 1.0
m Bone.008 -0.1016 -0.7225 0.6839 0.0 0.7225 -0.5261 -0.4485 0.0 0.6838 0.4485 0.5755 0.0 0.4957 0.1301 -0.0818 1.0
m Bone.009 -0.0208 -0.6221 0.7826 0.0 0.6221 -0.6208 -0.477 0.0 0.7826 0.477 0.3999 0.0 0.514 0.1168 -0.0932 1.0
m Bone.010 -0.1834 -0.9576 0.2221 0.0 0.9576 -0.2251 -0.1797 0.0 0.2221 0.1797 0.9583 0.0 0.4604 0.127 -0.0543 1.0
m Bone.011 -0.2439 -0.8705 0.4275 0.0 0.8705 -0.3908 -0.2992 0.0 0.4275 0.2992 0.8531 0.0 0.483 0.1217 -0.0585 1.0
m Bone.012 -0.2485 -0.8279 0.5028 0.0 0.8279 -0.451 -0.3334 0.0 0.5028 0.3334 0.7975 0.0 0.4957 0.116 -0.0629 1.0
m Bone.013 -0.1984 -0.7746 0.6005 0.0 0.7746 -0.4993 -0.3881 0.0 0.6005 0.3881 0.6991 0.0 0.514 0.106 -0.0702 1.0
m Bone.014 -0.1764 -0.9567 0.2313 0.0 0.9567 -0.2219 -0.1881 0.0 0.2313 0.1881 0.9545 0.0 0.4604 0.1597 -0.0929 1.0
m Bone.015 -0.2847 -0.9091 0.3042 0.0 0.9091 -0.3567 -0.2152 0.0 0.3042 0.2152 0.928 0.0 0.482 0.1547 -0.0971 1.0
m Bone.016 0.1963 -0.4711 0.86 0.0 0.4711 -0.7238 -0.5041 0.0 0.86 0.5041 0.0798 0.0 0.4928 0.1505 -0.0997 1.0
m Bone.017 0.2797 -0.4444 0.851 0.0 0.4444 -0.7258 -0.5251 0.0 0.851 0.5251 -0.0056 0.0 0.5024 0.1358 -0.1099 1.0
m Bone.018 -0.1417 -0.9601 0.2412 0.0 0.9601 -0.1927 -0.2028 0.0 0.2412 0.2028 0.9491 0.0 0.4515 0.1688 -0.1103 1.0
m Bone.019 -0.2094 -0.6946 0.6883 0.0 0.6946 -0.6011 -0.3953 0.0 0.6883 0.3953 0.6083 0.0 0.4656 0.166 -0.1133 1.0
m Bone.020 -0.0722 -0.5844 0.8083 0.0 0.5844 -0.6815 -0.4405 0.0 0.8082 0.4405 0.3907 0.0 0.4714 0.1609 -0.1166 1.0
m Bone.021 0.26 -0.4879 0.8333 0.0 0.4879 -0.6783 -0.5494 0.0 0.8333 0.5494 0.0617 0.0 0.4817 0.1489 -0.1244 1.0
m Bone.022 -0.5735 -0.6174 -0.5385 0.0 0.6174 -0.7578 0.2113 0.0 -0.5385 -0.2113 0.8157 0.0 0.4097 0.1092 -0.0551 1.0
m Bone.023 -0.7016 -0.687 -0.189 0.0 0.687 -0.7226 0.0763 0.0 -0.189 -0.0763 0.979 0.0 0.4247 0.0908 -0.0499 1.0
m Bone.024 -0.6682 -0.6564 -0.3502 0.0 0.6564 -0.7417 0.1378 0.0 -0.3502 -0.1378 0.9265 0.0 0.4353 0.0796 -0.0487 1.0
m Bone.025 -0.0671 -0.9169 0.3935 0.0 0.9169 -0.2122 -0.3381 0.0 0.3935 0.3381 0.8549 0.0 -0.0 -0.158 0.0 1.0
m Bone.026 0.0333 -0.9978 0.0581 0.0 0.9978 0.0298 -0.0599 0.0 0.0581 0.0599 0.9965 0.0 0.1536 -0.1935 -0.0566 1.0
m Bone.027 0.1275 -0.9903 0.055 0.0 0.9903 0.124 -0.0624 0.0 0.055 0.0624 0.9965 0.0 0.2223 -0.1915 -0.0608 1.0
m Bone.028 0.3488 -0.9312 0.1057 0.0 0.9312 0.3317 -0.1512 0.0 0.1057 0.1512 0.9828 0.0 0.3742 -0.1724 -0.0703 1.0
m Bone.029 0.2256 -0.9733 0.0426 0.0 0.9742 0.2252 -0.0134 0.0 0.0034 0.0446 0.999 0.0 0.4604 -0.1455 -0.0741 1.0
m Bone.030 0.8178 -0.5752 0.0178 0.0 0.5459 0.7656 -0.3402 0.0 0.1821 0.288 0.9402 0.0 0.4833 -0.1403 -0.0744 1.0
m Bone.031 0.9627 -0.2458 -0.1135 0.0 0.1351 0.7995 -0.5853 0.0 0.2346 0.5481 0.8028 0.0 0.4924 -0.1275 -0.0801 1.0
m Bone.032 0.9301 0.1438 -0.338 0.0 -0.3192 0.7718 -0.5499 0.0 0.1818 0.6194 0.7638 0.0 0.4958 -0.1072 -0.0949 1.0
m Bone.033 0.0403 -0.9856 0.1641 0.0 0.9987 0.0346 -0.0376 0.0 0.0314 0.1654 0.9857 0.0 0.4604 -0.127 -0.0543 1.0
m Bone.034 0.615 -0.7797 0.1173 0.0 0.7473 0.5289 -0.4023 0.0 0.2516 0.335 0.908 0.0 0.484 -0.1262 -0.0552 1.0
m Bone.035 0.9258 -0.3252 -0.1926 0.0 0.157 0.7945 -0.5867 0.0 0.3438 0.5129 0.7866 0.0 0.4948 -0.1185 -0.061 1.0
m Bone.036 0.8688 0.1175 -0.4811 0.0 -0.4076 0.7213 -0.56 0.0 0.2812 0.6826 0.6746 0.0 0.4983 -0.1009 -0.074 1.0
m Bone.037 0.4882 -0.8693 0.0777 0.0 0.8379 0.4418 -0.3206 0.0 0.2443 0.2216 0.944 0.0 0.4604 -0.1597 -0.0929 1.0
m Bone.038 0.7032 -0.711 -0.0024 0.0 0.6553 0.6494 -0.3858 0.0 0.2759 0.2697 0.9226 0.0 0.4793 -0.1497 -0.1001 1.0
m Bone.039 0.9891 -0.0659 -0.132 0.0 -0.0164 0.8402 -0.542 0.0 0.1466 0.5382 0.8299 0.0 0.4871 -0.142 -0.1047 1.0
m Bone.040 0.9877 -0.0053 -0.1564 0.0 -0.0825 0.8317 -0.5491 0.0 0.133 0.5552 0.821 0.0 0.4868 -0.125 -0.1157 1.0
m Bone.041 0.2271 -0.9601 0.1632 0.0 0.9601 0.1927 -0.2028 0.0 0.1632 0.2028 0.9655 0.0 0.4515 -0.1688 -0.1103 1.0
m Bone.042 0.6987 -0.6946 0.1715 0.0 0.6946 0.6011 -0.3953 0.0 0.1715 0.3953 0.9024 0.0 0.4656 -0.166 -0.1133 1.0
m Bone.043 0.7969 -0.5844 0.1531 0.0 0.5844 0.6815 -0.4405 0.0 0.1531 0.4405 0.8846 0.0 0.4714 -0.1609 -0.1166 1.0
m Bone.044 0.8582 -0.4879 0.1597 0.0 0.4879 0.6783 -0.5494 0.0 0.1597 0.5494 0.8202 0.0 0.4817 -0.1489 -0.1244 1.0
m Bone.045 0.7769 -0.6218 -0.0993 0.0 0.6026 0.7799 -0.1693 0.0 0.1827 0.0717 0.9806 0.0 0.4097 -0.1092 -0.0551 1.0
m Bone.046 0.7119 -0.7022 0.0126 0.0 0.4741 0.4672 -0.7463 0.0 0.5181 0.5373 0.6655 0.0 0.4243 -0.0902 -0.0592 1.0
m Bone.047 0.7063 -0.7078 -0.0098 0.0 0.2633 0.2756 -0.9245 0.0 0.6571 0.6504 0.3811 0.0 0.4317 -0.083 -0.0707 1.0


//default bind-pose heads of all bones and quats x y z w
h L_IK 0.2992 0.1724 -0.0789 0.0 0.0 0.0 1.0
h R_IK 0.2992 -0.1724 -0.0789 0.0516 0.2285 0.0495 0.9709
h Bone.002 0.0 0.158 0.0 0.0 0.0 0.0 1.0
h Bone.003 0.1536 0.1935 -0.0566 0.0 0.0 0.0 1.0
h Bone.004 0.2223 0.1915 -0.0608 0.0 0.0 0.0 1.0
h Bone.005 0.3742 0.1724 -0.0703 0.0 0.0 0.0 1.0
h Bone.006 0.4604 0.1455 -0.0741 0.0 0.0 0.0 1.0
h Bone.007 0.483 0.1397 -0.0766 0.0 0.0 0.0 1.0
h Bone.008 0.4957 0.1301 -0.0818 0.0 0.0 0.0 1.0
h Bone.009 0.514 0.1168 -0.0932 0.0 0.0 0.0 1.0
h Bone.010 0.4604 0.127 -0.0543 0.0 0.0 0.0 1.0
h Bone.011 0.483 0.1217 -0.0585 0.0 0.0 0.0 1.0
h Bone.012 0.4957 0.116 -0.0629 0.0 0.0 0.0 1.0
h Bone.013 0.514 0.106 -0.0702 0.0 0.0 0.0 1.0
h Bone.014 0.4604 0.1597 -0.0929 0.0 0.0 0.0 1.0
h Bone.015 0.482 0.1547 -0.0971 0.0 0.0 0.0 1.0
h Bone.016 0.4928 0.1505 -0.0997 0.0 0.0 0.0 1.0
h Bone.017 0.5024 0.1358 -0.1099 0.0 0.0 0.0 1.0
h Bone.018 0.4515 0.1688 -0.1103 0.0 0.0 0.0 1.0
h Bone.019 0.4656 0.166 -0.1133 0.0 0.0 0.0 1.0
h Bone.020 0.4714 0.1609 -0.1166 0.0 0.0 0.0 1.0
h Bone.021 0.4817 0.1489 -0.1244 0.0 0.0 0.0 1.0
h Bone.022 0.4097 0.1092 -0.0551 0.0 0.0 0.0 1.0
h Bone.023 0.4247 0.0908 -0.0499 0.0 0.0 0.0 1.0
h Bone.024 0.4353 0.0796 -0.0487 0.0 0.0 0.0 1.0
h Bone.025 -0.0 -0.158 0.0 0.0 0.0 0.0 1.0
h Bone.026 0.1536 -0.1935 -0.0566 0.0 0.0 0.0 1.0
h Bone.027 0.2223 -0.1915 -0.0608 0.0 0.0 0.0 1.0
h Bone.028 0.3742 -0.1724 -0.0703 0.0 0.0 0.0 1.0
h Bone.029 0.4604 -0.1455 -0.0741 0.0457 0.0207 -0.0167 0.9986
h Bone.030 0.4833 -0.1403 -0.0744 -0.0493 0.0221 0.1663 0.9846
h Bone.031 0.4924 -0.1275 -0.0801 -0.0689 -0.0043 0.1845 0.9804
h Bone.032 0.4958 -0.1072 -0.0949 -0.0392 0.0003 0.1559 0.987
h Bone.033 0.4604 -0.127 -0.0543 0.0554 -0.0001 -0.1072 0.9927
h Bone.034 0.484 -0.1262 -0.0552 -0.0831 0.0007 0.2092 0.9743
h Bone.035 0.4948 -0.1185 -0.061 -0.1023 0.0033 0.28 0.9545
h Bone.036 0.4983 -0.1009 -0.074 -0.0791 0.0002 0.2284 0.9703
h Bone.037 0.4604 -0.1597 -0.0929 -0.0531 0.0011 0.1311 0.9899
h Bone.038 0.4793 -0.1497 -0.1001 -0.0248 0.005 0.067 0.9974
h Bone.039 0.4871 -0.142 -0.1047 -0.0016 0.0011 0.0404 0.9992
h Bone.040 0.4868 -0.125 -0.1157 0.0005 0.0002 0.0184 0.9998
h Bone.041 0.4515 -0.1688 -0.1103 0.0 0.0 0.0 1.0
h Bone.042 0.4656 -0.166 -0.1133 0.0 0.0 0.0 1.0
h Bone.043 0.4714 -0.1609 -0.1166 0.0 0.0 0.0 1.0
h Bone.044 0.4817 -0.1489 -0.1244 0.0 0.0 0.0 1.0
h Bone.045 0.4097 -0.1092 -0.0551 -0.1907 0.0125 -0.004 0.9816
h Bone.046 0.4243 -0.0902 -0.0592 -0.2642 -0.0059 -0.0254 0.9641
h Bone.047 0.4317 -0.083 -0.0707 -0.1974 0.0 -0.0138 0.9802

Bone_ierarchy (branch`s bones serial numbers, parents lists for every bone)
0 1 strings and rows
ie 0
ie 1
ie 2
ie 3 2
ie 4 3 2
ie 5 4 3 2
ie 6 5 4 3 2
ie 7 6 5 4 3 2
ie 8 7 6 5 4 3 2
ie 9 8 7 6 5 4 3 2
ie 10 5 4 3 2
ie 11 10 5 4 3 2
ie 12 11 10 5 4 3 2
ie 13 12 11 10 5 4 3 2
ie 14 5 4 3 2
ie 15 14 5 4 3 2
ie 16 15 14 5 4 3 2
ie 17 16 15 14 5 4 3 2
ie 18 5 4 3 2
ie 19 18 5 4 3 2
ie 20 19 18 5 4 3 2
ie 21 20 19 18 5 4 3 2
ie 22 5 4 3 2
ie 23 22 5 4 3 2
ie 24 23 22 5 4 3 2
ie 25
ie 26 25
ie 27 26 25
ie 28 27 26 25
ie 29 28 27 26 25
ie 30 29 28 27 26 25
ie 31 30 29 28 27 26 25
ie 32 31 30 29 28 27 26 25
ie 33 28 27 26 25
ie 34 33 28 27 26 25
ie 35 34 33 28 27 26 25
ie 36 35 34 33 28 27 26 25
ie 37 28 27 26 25
ie 38 37 28 27 26 25
ie 39 38 37 28 27 26 25
ie 40 39 38 37 28 27 26 25
ie 41 28 27 26 25
ie 42 41 28 27 26 25
ie 43 42 41 28 27 26 25
ie 44 43 42 41 28 27 26 25
ie 45 28 27 26 25
ie 46 45 28 27 26 25
ie 47 46 45 28 27 26 25
END IERARCHY PARAMS


//Attached animations
a Hands_Idle
a Hands_Install_Dynamite
a Hands_Knife_Open_Door
a Hands_F
a Hands_Change_Item
a Hands_Peace
a Hands_Pistol_Idle
a Hands_Pistol_Aim
a Hands_Pistol_Overview
a Hands_Hand
